Changed database context to 'SS2_Practica1'.
Year_tsunami Cantidad_de_tsunamis
------------ --------------------
        1800                    1
        1802                    7
        1804                    5
        1805                    3
        1806                    4
        1808                    3
        1809                    4
        1810                    5
        1811                    3
        1812                    7
        1813                    2
        1814                    1
        1815                    3
        1816                    3
        1817                    4
        1818                    6
        1819                    5
        1820                    8
        1821                    5
        1822                    5
        1823                    6
        1824                    3
        1825                    6
        1826                    4
        1827                    5
        1828                    6
        1829                    2
        1830                    3
        1831                    4
        1832                    1
        1833                    6
        1834                    2
        1835                    4
        1836                    6
        1837                    8
        1838                    2
        1839                    4
        1840                    9
        1841                    4
        1842                    3
        1843                    9
        1844                    4
        1845                    8
        1846                   16
        1847                    9
        1848                    6
        1849                    3
        1850                    5
        1851                   12
        1852                   20
        1853                    9
        1854                   21
        1855                   16
        1856                   13
        1857                    8
        1858                    8
        1859                   16
        1860                    7
        1861                   13
        1862                    8
        1863                    6
        1864                    4
        1865                   10
        1866                   15
        1867                   13
        1868                   23
        1869                   20
        1870                   12
        1871                   18
        1872                   14
        1873                    6
        1874                    5
        1875                    6
        1876                    4
        1877                   14
        1878                   23
        1879                    7
        1880                   10
        1881                   11
        1882                    9
        1883                    9
        1884                   11
        1885                    9
        1886                    7
        1887                    8
        1888                    7
        1889                    9
        1890                    1
        1891                    9
        1892                   11
        1893                   10
        1894                    9
        1895                   13
        1896                    8
        1897                   15
        1898                    5
        1899                   14
        1900                    6
        1901                   11
        1902                   14
        1903                   14
        1904                   11
        1905                   19
        1906                   18
        1907                   14
        1908                    9
        1909                   11
        1910                    7
        1911                    9
        1912                    6
        1913                    8
        1914                   11
        1915                    9
        1916                    6
        1917                   16
        1918                   11
        1919                   16
        1920                    7
        1921                    5
        1922                   14
        1923                   19
        1924                   12
        1925                   12
        1926                   14
        1927                   15
        1928                   25
        1929                   10
        1930                   17
        1931                   13
        1932                   11
        1933                   10
        1934                   11
        1935                   11
        1936                   10
        1937                    6
        1938                   23
        1939                   14
        1940                    6
        1941                   10
        1942                    3
        1943                    2
        1944                    6
        1945                    3
        1946                    9
        1947                    5
        1948                    9
        1949                   15
        1950                   13
        1951                    7
        1952                   16
        1953                   17
        1954                    7
        1955                    7
        1956                    9
        1957                    8
        1958                   10
        1959                    9
        1960                   11
        1961                   15
        1962                    9
        1963                   12
        1964                   10
        1965                   17
        1966                   10
        1967                   11
        1968                   16
        1969                   13
        1970                   13
        1971                   15
        1972                   11
        1973                    8
        1974                    9
        1975                   10
        1976                    5
        1977                    9
        1978                   16
        1979                   15
        1980                    7
        1981                    8
        1982                    8
        1983                   13
        1984                    8
        1985                    6
        1986                    5
        1987                   15
        1988                    9
        1989                    8
        1990                    9
        1991                    8
        1992                    9
        1993                    8
        1994                   21
        1995                   18
        1996                   16
        1997                   10
        1998                    6
        1999                    4
        2000                   11
        2001                    4
        2002                   10
        2003                   12
        2004                   11
        2005                    8
        2006                   13
        2007                   20
        2008                   12
        2009                   16
        2010                   18
        2011                   17
        2012                   15
        2013                   13
        2014                   18
        2015                   17
        2016                   15
        2017                   20
        2018                   20
        2019                    8
        2020                   14
        2021                   13

(219 rows affected)
